20.46,94583.75
20.46,94583.75
20.46,94583.75
20.46,94583.75
20.46,94583.75
20.47,94583.35
20.47,94583.35
20.47,94583.35
20.47,94583.35
20.47,94583.35
20.47,94582.87
20.47,94582.87
20.47,94582.87
20.47,94582.87
20.47,94582.87
20.47,94583.27
20.47,94583.27
20.47,94583.27
20.47,94583.27
20.47,94583.27
20.47,94583.49
20.47,94583.49
20.47,94583.49
20.47,94583.49
20.47,94583.49
20.47,94583.89
20.47,94583.89
20.47,94583.89
20.47,94583.89
20.47,94583.89
20.47,94584.70
20.47,94584.70
20.47,94584.70
20.47,94584.70
20.47,94584.70
20.48,94585.39
20.48,94585.39
20.48,94585.39
20.48,94585.39
20.48,94585.39
20.48,94585.56
20.48,94585.56
20.48,94585.56
20.48,94585.56
20.48,94585.56
20.48,94586.44
20.48,94586.44
20.48,94586.44
20.48,94586.44
20.48,94586.44
20.48,94587.10
20.48,94587.10
20.48,94587.10
20.48,94587.10
20.48,94587.10
20.48,94588.39
20.48,94588.39
20.48,94588.39
20.48,94588.39
20.48,94588.39
20.48,94589.60
20.48,94589.60
20.48,94589.60
20.48,94589.60
20.48,94589.60
20.48,94591.54
20.48,94591.54
20.48,94591.54
20.48,94591.54
20.48,94591.54
20.48,94594.02
20.48,94594.02
20.48,94594.02
20.48,94594.02
20.48,94594.02
20.49,94598.63
20.49,94598.63
20.49,94598.63
20.49,94598.63
20.49,94598.63
20.49,94603.94
20.49,94603.94
20.49,94603.94
20.49,94603.94
20.49,94603.94
20.50,94611.91
20.50,94611.91
20.50,94611.91
20.50,94611.91
20.50,94611.91
20.51,94621.72
20.51,94621.72
20.51,94621.72
20.51,94621.72
20.51,94621.72
20.52,94633.72
20.52,94633.72
20.52,94633.72
20.52,94633.72
20.52,94633.72
20.54,94645.07
20.54,94645.07
20.54,94645.07
20.54,94645.07
20.54,94645.07
20.56,94658.07
20.56,94658.07
20.56,94658.07
20.56,94658.07
20.56,94658.07
20.58,94672.75
20.58,94672.75
20.58,94672.75
20.58,94672.75
20.58,94672.75
20.60,94688.04
20.60,94688.04
20.60,94688.04
20.60,94688.04
20.60,94688.04
20.63,94706.85
20.63,94706.85
20.63,94706.85
20.63,94706.85
20.63,94706.85
20.66,94724.35
20.66,94724.35
20.66,94724.35
20.66,94724.35
20.66,94724.35
20.70,94744.96
20.70,94744.96
20.70,94744.96
20.70,94744.96
20.70,94744.96
20.74,94765.58
20.74,94765.58
20.74,94765.58
20.74,94765.58
20.74,94765.58
20.78,94789.49
20.78,94789.49
20.78,94789.49
20.78,94789.49
20.78,94789.49
20.83,94811.30
20.83,94811.30
20.83,94811.30
20.83,94811.30
20.83,94811.30
20.88,94835.59
20.88,94835.59
20.88,94835.59
20.88,94835.59
20.88,94835.59
20.93,94858.53
20.93,94858.53
20.93,94858.53
20.93,94858.53
20.93,94858.53
20.99,94885.21
20.99,94885.21
20.99,94885.21
20.99,94885.21
20.99,94885.21
21.05,94911.39
21.05,94911.39
21.05,94911.39
21.05,94911.39
21.05,94911.39
21.12,94941.77
21.12,94941.77
21.12,94941.77
21.12,94941.77
21.12,94941.77
21.20,94973.41
21.20,94973.41
21.20,94973.41
21.20,94973.41
21.20,94973.41
21.27,95002.33
21.27,95002.33
21.27,95002.33
21.27,95002.33
21.27,95002.33
21.35,95035.35
21.35,95035.35
21.35,95035.35
21.35,95035.35
21.35,95035.35
21.43,95067.08
21.43,95067.08
21.43,95067.08
21.43,95067.08
21.43,95067.08
21.52,95106.97
21.52,95106.97
21.52,95106.97
21.52,95106.97
21.52,95106.97
21.61,95143.85
21.61,95143.85
21.61,95143.85
21.61,95143.85
21.61,95143.85
21.72,95185.56
21.72,95185.56
21.72,95185.56
21.72,95185.56
21.72,95185.56
21.81,95224.21
21.81,95224.21
21.81,95224.21
21.81,95224.21
21.81,95224.21
21.92,95269.72
21.92,95269.72
21.92,95269.72
21.92,95269.72
21.92,95269.72
22.02,95311.42
22.02,95311.42
22.02,95311.42
22.02,95311.42
22.02,95311.42
22.14,95357.28
22.14,95357.28
22.14,95357.28
22.14,95357.28
22.14,95357.28
22.26,95400.03
22.26,95400.03
22.26,95400.03
22.26,95400.03
22.26,95400.03
22.38,95449.00
22.38,95449.00
22.38,95449.00
22.38,95449.00
22.38,95449.00
22.51,95498.85
22.51,95498.85
22.51,95498.85
22.51,95498.85
22.51,95498.85
22.63,95545.02
22.63,95545.02
22.63,95545.02
22.63,95545.02
22.63,95545.02
22.77,95599.68
22.77,95599.68
22.77,95599.68
22.77,95599.68
22.77,95599.68
22.90,95651.63
22.90,95651.63
22.90,95651.63
22.90,95651.63
22.90,95651.63
23.04,95708.57
23.04,95708.57
23.04,95708.57
23.04,95708.57
23.04,95708.57
23.18,95761.10
23.18,95761.10
23.18,95761.10
23.18,95761.10
23.18,95761.10
23.33,95820.46
23.33,95820.46
23.33,95820.46
23.33,95820.46
23.33,95820.46
23.48,95875.89
23.48,95875.89
23.48,95875.89
23.48,95875.89
23.48,95875.89
23.64,95937.64
23.64,95937.64
23.64,95937.64
23.64,95937.64
23.64,95937.64
23.79,95994.06
23.79,95994.06
23.79,95994.06
23.79,95994.06
23.79,95994.06
23.96,96056.14
23.96,96056.14
23.96,96056.14
23.96,96056.14
23.96,96056.14
24.14,96119.67
24.14,96119.67
24.14,96119.67
24.14,96119.67
24.14,96119.67
24.30,96176.89
24.30,96176.89
24.30,96176.89
24.30,96176.89
24.30,96176.89
24.47,96244.57
24.47,96244.57
24.47,96244.57
24.47,96244.57
24.47,96244.57
24.63,96305.35
24.63,96305.35
24.63,96305.35
24.63,96305.35
24.63,96305.35
24.82,96370.50
24.82,96370.50
24.82,96370.50
24.82,96370.50
24.82,96370.50
24.99,96428.57
24.99,96428.57
24.99,96428.57
24.99,96428.57
24.99,96428.57
25.18,96492.78
25.18,96492.78
25.18,96492.78
25.18,96492.78
25.18,96492.78
25.35,96550.31
25.35,96550.31
25.35,96550.31
25.35,96550.31
25.35,96550.31
25.55,96615.21
25.55,96615.21
25.55,96615.21
25.55,96615.21
25.55,96615.21
25.72,96674.30
25.72,96674.30
25.72,96674.30
25.72,96674.30
25.72,96674.30
25.93,96742.13
25.93,96742.13
25.93,96742.13
25.93,96742.13
25.93,96742.13
26.13,96810.30
26.13,96810.30
26.13,96810.30
26.13,96810.30
26.13,96810.30
26.32,96872.74
26.32,96872.74
26.32,96872.74
26.32,96872.74
26.32,96872.74
26.53,96940.32
26.53,96940.32
26.53,96940.32
26.53,96940.32
26.53,96940.32
26.72,96998.90
26.72,96998.90
26.72,96998.90
26.72,96998.90
26.72,96998.90
26.93,97067.05
26.93,97067.05
26.93,97067.05
26.93,97067.05
26.93,97067.05
27.13,97131.06
27.13,97131.06
27.13,97131.06
27.13,97131.06
27.13,97131.06
27.35,97200.85
27.35,97200.85
27.35,97200.85
27.35,97200.85
27.35,97200.85
27.56,97268.72
27.56,97268.72
27.56,97268.72
27.56,97268.72
27.56,97268.72
27.76,97330.78
27.76,97330.78
27.76,97330.78
27.76,97330.78
27.76,97330.78
27.98,97400.16
27.98,97400.16
27.98,97400.16
27.98,97400.16
27.98,97400.16
28.18,97460.38
28.18,97460.38
28.18,97460.38
28.18,97460.38
28.18,97460.38
28.40,97527.41
28.40,97527.41
28.40,97527.41
28.40,97527.41
28.40,97527.41
28.60,97589.84
28.60,97589.84
28.60,97589.84
28.60,97589.84
28.60,97589.84
28.82,97659.57
28.82,97659.57
28.82,97659.57
28.82,97659.57
28.82,97659.57
29.02,97721.32
29.02,97721.32
29.02,97721.32
29.02,97721.32
29.02,97721.32
29.25,97789.32
29.25,97789.32
29.25,97789.32
29.25,97789.32
29.25,97789.32
29.48,97860.33
29.48,97860.33
29.48,97860.33
29.48,97860.33
29.48,97860.33
29.68,97918.60
29.68,97918.60
29.68,97918.60
29.68,97918.60
29.68,97918.60
29.91,97993.21
29.91,97993.21
29.91,97993.21
29.91,97993.21
29.91,97993.21
30.11,98046.55
30.11,98046.55
30.11,98046.55
30.11,98046.55
30.11,98046.55
30.34,98118.94
30.34,98118.94
30.34,98118.94
30.34,98118.94
30.34,98118.94
30.55,98174.11
30.55,98174.11
30.55,98174.11
30.55,98174.11
30.55,98174.11
30.78,98236.64
30.78,98236.64
30.78,98236.64
30.78,98236.64
30.78,98236.64
31.01,98307.82
31.01,98307.82
31.01,98307.82
31.01,98307.82
31.01,98307.82
31.22,98361.53
31.22,98361.53
31.22,98361.53
31.22,98361.53
31.22,98361.53
31.45,98437.36
31.45,98437.36
31.45,98437.36
31.45,98437.36
31.45,98437.36
31.66,98496.27
31.66,98496.27
31.66,98496.27
31.66,98496.27
31.66,98496.27
31.89,98572.50
31.89,98572.50
31.89,98572.50
31.89,98572.50
31.89,98572.50
32.11,98632.72
32.11,98632.72
32.11,98632.72
32.11,98632.72
32.11,98632.72
32.32,98699.24
32.32,98699.24
32.32,98699.24
32.32,98699.24
32.32,98699.24
32.55,98763.14
32.55,98763.14
32.55,98763.14
32.55,98763.14
32.55,98763.14
32.76,98831.12
32.76,98831.12
32.76,98831.12
32.76,98831.12
32.76,98831.12
32.98,98887.34
32.98,98887.34
32.98,98887.34
32.98,98887.34
32.98,98887.34
33.19,98950.82
33.19,98950.82
33.19,98950.82
33.19,98950.82
33.19,98950.82
33.41,99014.80
33.41,99014.80
33.41,99014.80
33.41,99014.80
33.41,99014.80
33.64,99076.50
33.64,99076.50
33.64,99076.50
33.64,99076.50
33.64,99076.50
33.84,99143.64
33.84,99143.64
33.84,99143.64
33.84,99143.64
33.84,99143.64
34.07,99199.22
34.07,99199.22
34.07,99199.22
34.07,99199.22
34.07,99199.22
34.28,99267.14
34.28,99267.14
34.28,99267.14
34.28,99267.14
34.28,99267.14
34.50,99333.50
34.50,99333.50
34.50,99333.50
34.50,99333.50
34.50,99333.50
34.73,99399.08
34.73,99399.08
34.73,99399.08
34.73,99399.08
34.73,99399.08
34.93,99464.36
34.93,99464.36
34.93,99464.36
34.93,99464.36
34.93,99464.36
35.16,99533.32
35.16,99533.32
35.16,99533.32
35.16,99533.32
35.16,99533.32
35.36,99589.52
35.36,99589.52
35.36,99589.52
35.36,99589.52
35.36,99589.52
35.57,99652.33
35.57,99652.33
35.57,99652.33
35.57,99652.33
35.57,99652.33
35.79,99710.21
35.79,99710.21
35.79,99710.21
35.79,99710.21
35.79,99710.21
35.99,99780.25
35.99,99780.25
35.99,99780.25
35.99,99780.25
35.99,99780.25
36.21,99841.46
36.21,99841.46
36.21,99841.46
36.21,99841.46
36.21,99841.46
36.40,99899.62
36.40,99899.62
36.40,99899.62
36.40,99899.62
36.40,99899.62
36.62,99966.32
36.62,99966.32
36.62,99966.32
36.62,99966.32
36.62,99966.32
36.84,100025.35
36.84,100025.35
36.84,100025.35
36.84,100025.35
36.84,100025.35
37.03,100082.67
37.03,100082.67
37.03,100082.67
37.03,100082.67
37.03,100082.67
37.25,100147.55
37.25,100147.55
37.25,100147.55
37.25,100147.55
37.25,100147.55
37.44,100210.32
37.44,100210.32
37.44,100210.32
37.44,100210.32
37.44,100210.32
37.65,100274.87
37.65,100274.87
37.65,100274.87
37.65,100274.87
37.65,100274.87
37.87,100340.29
37.87,100340.29
37.87,100340.29
37.87,100340.29
37.87,100340.29
38.06,100401.70
38.06,100401.70
38.06,100401.70
38.06,100401.70
38.06,100401.70
38.28,100469.50
38.28,100469.50
38.28,100469.50
38.28,100469.50
38.28,100469.50
38.47,100531.90
38.47,100531.90
38.47,100531.90
38.47,100531.90
38.47,100531.90
38.68,100603.06
38.68,100603.06
38.68,100603.06
38.68,100603.06
38.68,100603.06
38.89,100669.79
38.89,100669.79
38.89,100669.79
38.89,100669.79
38.89,100669.79
39.07,100727.41
39.07,100727.41
39.07,100727.41
39.07,100727.41
39.07,100727.41
39.28,100788.19
39.28,100788.19
39.28,100788.19
39.28,100788.19
39.28,100788.19
39.47,100842.77
39.47,100842.77
39.47,100842.77
39.47,100842.77
39.47,100842.77
39.68,100903.08
39.68,100903.08
39.68,100903.08
39.68,100903.08
39.68,100903.08
39.89,100964.53
39.89,100964.53
39.89,100964.53
39.89,100964.53
39.89,100964.53
40.08,101013.91
40.08,101013.91
40.08,101013.91
40.08,101013.91
40.08,101013.91
40.29,101077.21
40.29,101077.21
40.29,101077.21
40.29,101077.21
40.29,101077.21
40.50,101143.53
40.50,101143.53
40.50,101143.53
40.50,101143.53
40.50,101143.53
40.68,101201.76
40.68,101201.76
40.68,101201.76
40.68,101201.76
40.68,101201.76
40.88,101266.89
40.88,101266.89
40.88,101266.89
40.88,101266.89
40.88,101266.89
41.06,101326.17
41.06,101326.17
41.06,101326.17
41.06,101326.17
41.06,101326.17
41.27,101394.72
41.27,101394.72
41.27,101394.72
41.27,101394.72
41.27,101394.72
41.47,101453.61
41.47,101453.61
41.47,101453.61
41.47,101453.61
41.47,101453.61
41.65,101496.22
41.65,101496.22
41.65,101496.22
41.65,101496.22
41.65,101496.22
41.84,101530.55
41.84,101530.55
41.84,101530.55
41.84,101530.55
41.84,101530.55
42.03,101601.70
42.03,101601.70
42.03,101601.70
42.03,101601.70
42.03,101601.70
42.20,101644.92
42.20,101644.92
42.20,101644.92
42.20,101644.92
42.20,101644.92
42.39,101696.36
42.39,101696.36
42.39,101696.36
42.39,101696.36
42.39,101696.36
42.57,101757.44
42.57,101757.44
42.57,101757.44
42.57,101757.44
42.57,101757.44
42.76,101797.67
42.76,101797.67
42.76,101797.67
42.76,101797.67
42.76,101797.67
42.94,101869.28
42.94,101869.28
42.94,101869.28
42.94,101869.28
42.94,101869.28
43.11,101920.89
43.11,101920.89
43.11,101920.89
43.11,101920.89
43.11,101920.89
43.29,101967.12
43.29,101967.12
43.29,101967.12
43.29,101967.12
43.29,101967.12
43.48,102037.62
43.48,102037.62
43.48,102037.62
43.48,102037.62
43.48,102037.62
43.64,102077.69
43.64,102077.69
43.64,102077.69
43.64,102077.69
43.64,102077.69
43.83,102146.81
43.83,102146.81
43.83,102146.81
43.83,102146.81
43.83,102146.81
44.00,102206.35
44.00,102206.35
44.00,102206.35
44.00,102206.35
44.00,102206.35
44.17,102252.14
44.17,102252.14
44.17,102252.14
44.17,102252.14
44.17,102252.14
44.37,102325.21
44.37,102325.21
44.37,102325.21
44.37,102325.21
44.37,102325.21
44.54,102371.89
44.54,102371.89
44.54,102371.89
44.54,102371.89
44.54,102371.89
44.72,102423.87
44.72,102423.87
44.72,102423.87
44.72,102423.87
44.72,102423.87
44.90,102495.00
44.90,102495.00
44.90,102495.00
44.90,102495.00
44.90,102495.00
45.06,102534.03
45.06,102534.03
45.06,102534.03
45.06,102534.03
45.06,102534.03
45.24,102596.57
45.24,102596.57
45.24,102596.57
45.24,102596.57
45.24,102596.57
45.42,102642.00
45.42,102642.00
45.42,102642.00
45.42,102642.00
45.42,102642.00
45.60,102688.75
45.60,102688.75
45.60,102688.75
45.60,102688.75
45.60,102688.75
45.78,102744.89
45.78,102744.89
45.78,102744.89
45.78,102744.89
45.78,102744.89
45.95,102787.74
45.95,102787.74
45.95,102787.74
45.95,102787.74
45.95,102787.74
46.12,102836.65
46.12,102836.65
46.12,102836.65
46.12,102836.65
46.12,102836.65
46.31,102918.64
46.31,102918.64
46.31,102918.64
46.31,102918.64
46.31,102918.64
46.47,102951.25
46.47,102951.25
46.47,102951.25
46.47,102951.25
46.47,102951.25
46.64,103003.75
46.64,103003.75
46.64,103003.75
46.64,103003.75
46.64,103003.75
46.82,103084.29
46.82,103084.29
46.82,103084.29
46.82,103084.29
46.82,103084.29
46.98,103114.69
46.98,103114.69
46.98,103114.69
46.98,103114.69
46.98,103114.69
47.15,103198.23
47.15,103198.23
47.15,103198.23
47.15,103198.23
47.15,103198.23
47.33,103234.82
47.33,103234.82
47.33,103234.82
47.33,103234.82
47.33,103234.82
47.48,103277.57
47.48,103277.57
47.48,103277.57
47.48,103277.57
47.48,103277.57
47.67,103354.92
47.67,103354.92
47.67,103354.92
47.67,103354.92
47.67,103354.92
47.84,103394.05
47.84,103394.05
47.84,103394.05
47.84,103394.05
47.84,103394.05
48.00,103454.83
48.00,103454.83
48.00,103454.83
48.00,103454.83
48.00,103454.83
48.16,103499.49
48.16,103499.49
48.16,103499.49
48.16,103499.49
48.16,103499.49
48.32,103547.72
48.32,103547.72
48.32,103547.72
48.32,103547.72
48.32,103547.72
48.49,103604.66
48.49,103604.66
48.49,103604.66
48.49,103604.66
48.49,103604.66
48.66,103656.69
48.66,103656.69
48.66,103656.69
48.66,103656.69
48.66,103656.69
48.82,103722.10
48.82,103722.10
48.82,103722.10
48.82,103722.10
48.82,103722.10
48.99,103768.13
48.99,103768.13
48.99,103768.13
48.99,103768.13
48.99,103768.13
49.16,103816.99
49.16,103816.99
49.16,103816.99
49.16,103816.99
49.16,103816.99
49.32,103859.02
49.32,103859.02
49.32,103859.02
49.32,103859.02
49.32,103859.02
49.48,103918.32
49.48,103918.32
49.48,103918.32
49.48,103918.32
49.48,103918.32
49.64,103985.06
49.64,103985.06
49.64,103985.06
49.64,103985.06
49.64,103985.06
49.78,104025.39
49.78,104025.39
49.78,104025.39
49.78,104025.39
49.78,104025.39
49.95,104093.77
49.95,104093.77
49.95,104093.77
49.95,104093.77
49.95,104093.77
50.12,104120.73
50.12,104120.73
50.12,104120.73
50.12,104120.73
50.12,104120.73
50.27,104164.52
50.27,104164.52
50.27,104164.52
50.27,104164.52
50.27,104164.52
50.44,104221.25
50.44,104221.25
50.44,104221.25
50.44,104221.25
50.44,104221.25
50.61,104283.39
50.61,104283.39
50.61,104283.39
50.61,104283.39
50.61,104283.39
50.77,104328.53
50.77,104328.53
50.77,104328.53
50.77,104328.53
50.77,104328.53
50.95,104383.38
50.95,104383.38
50.95,104383.38
50.95,104383.38
50.95,104383.38
51.12,104432.16
51.12,104432.16
51.12,104432.16
51.12,104432.16
51.12,104432.16
51.27,104473.88
51.27,104473.88
51.27,104473.88
51.27,104473.88
51.27,104473.88
51.44,104559.16
51.44,104559.16
51.44,104559.16
51.44,104559.16
51.44,104559.16
51.60,104594.96
51.60,104594.96
51.60,104594.96
51.60,104594.96
51.60,104594.96
51.74,104649.43
51.74,104649.43
51.74,104649.43
51.74,104649.43
51.74,104649.43
51.90,104690.88
51.90,104690.88
51.90,104690.88
51.90,104690.88
51.90,104690.88
52.06,104731.57
52.06,104731.57
52.06,104731.57
52.06,104731.57
52.06,104731.57
52.21,104779.00
52.21,104779.00
52.21,104779.00
52.21,104779.00
52.21,104779.00
52.37,104828.88
52.37,104828.88
52.37,104828.88
52.37,104828.88
52.37,104828.88
52.52,104873.46
52.52,104873.46
52.52,104873.46
52.52,104873.46
52.52,104873.46
52.66,104909.99
52.66,104909.99
52.66,104909.99
52.66,104909.99
52.66,104909.99
52.81,104966.63
52.81,104966.63
52.81,104966.63
52.81,104966.63
52.81,104966.63
52.94,105016.36
52.94,105016.36
52.94,105016.36
52.94,105016.36
52.94,105016.36
53.09,105060.86
53.09,105060.86
53.09,105060.86
53.09,105060.86
53.09,105060.86
53.25,105119.46
53.25,105119.46
53.25,105119.46
53.25,105119.46
53.25,105119.46
53.39,105161.35
53.39,105161.35
53.39,105161.35
53.39,105161.35
53.39,105161.35
53.54,105214.11
53.54,105214.11
53.54,105214.11
53.54,105214.11
53.54,105214.11
53.69,105250.61
53.69,105250.61
53.69,105250.61
53.69,105250.61
53.69,105250.61
53.83,105315.41
53.83,105315.41
53.83,105315.41
53.83,105315.41
53.83,105315.41
53.97,105353.49
53.97,105353.49
53.97,105353.49
53.97,105353.49
53.97,105353.49
54.12,105420.26
54.12,105420.26
54.12,105420.26
54.12,105420.26
54.12,105420.26
54.25,105457.83
54.25,105457.83
54.25,105457.83
54.25,105457.83
54.25,105457.83
54.38,105503.39
54.38,105503.39
54.38,105503.39
54.38,105503.39
54.38,105503.39
54.52,105566.49
54.52,105566.49
54.52,105566.49
54.52,105566.49
54.52,105566.49
54.67,105592.19
54.67,105592.19
54.67,105592.19
54.67,105592.19
54.67,105592.19
54.80,105653.94
54.80,105653.94
54.80,105653.94
54.80,105653.94
54.80,105653.94
54.94,105695.16
54.94,105695.16
54.94,105695.16
54.94,105695.16
54.94,105695.16
55.08,105756.53
55.08,105756.53
55.08,105756.53
55.08,105756.53
55.08,105756.53
55.20,105784.60
55.20,105784.60
55.20,105784.60
55.20,105784.60
55.20,105784.60
55.34,105846.28
55.34,105846.28
55.34,105846.28
55.34,105846.28
55.34,105846.28
55.48,105870.92
55.48,105870.92
55.48,105870.92
55.48,105870.92
55.48,105870.92
55.61,105942.99
55.61,105942.99
55.61,105942.99
55.61,105942.99
55.61,105942.99
55.76,105954.59
55.76,105954.59
55.76,105954.59
55.76,105954.59
55.76,105954.59
55.91,105992.67
55.91,105992.67
55.91,105992.67
55.91,105992.67
55.91,105992.67
56.03,106043.01
56.03,106043.01
56.03,106043.01
56.03,106043.01
56.03,106043.01
56.17,106108.07
56.17,106108.07
56.17,106108.07
56.17,106108.07
56.17,106108.07
56.31,106147.58
56.31,106147.58
56.31,106147.58
56.31,106147.58
56.31,106147.58
56.44,106174.33
56.44,106174.33
56.44,106174.33
56.44,106174.33
56.44,106174.33
56.58,106210.94
56.58,106210.94
56.58,106210.94
56.58,106210.94
56.58,106210.94
56.71,106267.13
56.71,106267.13
56.71,106267.13
56.71,106267.13
56.71,106267.13
56.83,106293.19
56.83,106293.19
56.83,106293.19
56.83,106293.19
56.83,106293.19
56.96,106358.93
56.96,106358.93
56.96,106358.93
56.96,106358.93
56.96,106358.93
57.10,106398.75
57.10,106398.75
57.10,106398.75
57.10,106398.75
57.10,106398.75
57.21,106455.85
57.21,106455.85
57.21,106455.85
57.21,106455.85
57.21,106455.85
57.34,106530.36
57.34,106530.36
57.34,106530.36
57.34,106530.36
57.34,106530.36
57.47,106551.40
57.47,106551.40
57.47,106551.40
57.47,106551.40
57.47,106551.40
57.60,106602.89
57.60,106602.89
57.60,106602.89
57.60,106602.89
57.60,106602.89
57.73,106650.56
57.73,106650.56
57.73,106650.56
57.73,106650.56
57.73,106650.56
57.87,106715.72
57.87,106715.72
57.87,106715.72
57.87,106715.72
57.87,106715.72
57.99,106747.82
57.99,106747.82
57.99,106747.82
57.99,106747.82
57.99,106747.82
58.14,106795.12
58.14,106795.12
58.14,106795.12
58.14,106795.12
58.14,106795.12
58.28,106823.64
58.28,106823.64
58.28,106823.64
58.28,106823.64
58.28,106823.64
58.40,106882.81
58.40,106882.81
58.40,106882.81
58.40,106882.81
58.40,106882.81
58.53,106916.82
58.53,106916.82
58.53,106916.82
58.53,106916.82
58.53,106916.82
58.67,106978.55
58.67,106978.55
58.67,106978.55
58.67,106978.55
58.67,106978.55
58.80,107009.16
58.80,107009.16
58.80,107009.16
58.80,107009.16
58.80,107009.16
58.91,107068.21
58.91,107068.21
58.91,107068.21
58.91,107068.21
58.91,107068.21
59.04,107115.60
59.04,107115.60
59.04,107115.60
59.04,107115.60
59.04,107115.60
59.17,107138.89
59.17,107138.89
59.17,107138.89
59.17,107138.89
59.17,107138.89
59.27,107167.71
59.27,107167.71
59.27,107167.71
59.27,107167.71
59.27,107167.71
59.39,107227.53
59.39,107227.53
59.39,107227.53
59.39,107227.53
59.39,107227.53
59.52,107253.04
59.52,107253.04
59.52,107253.04
59.52,107253.04
59.52,107253.04
59.62,107324.20
59.62,107324.20
59.62,107324.20
59.62,107324.20
59.62,107324.20
59.73,107363.42
59.73,107363.42
59.73,107363.42
59.73,107363.42
59.73,107363.42
59.85,107373.08
59.85,107373.08
59.85,107373.08
59.85,107373.08
59.85,107373.08
59.96,107399.74
59.96,107399.74
59.96,107399.74
59.96,107399.74
59.96,107399.74
60.09,107447.10
60.09,107447.10
60.09,107447.10
60.09,107447.10
60.09,107447.10
60.24,107472.22
60.24,107472.22
60.24,107472.22
60.24,107472.22
60.24,107472.22
60.36,107512.21
60.36,107512.21
60.36,107512.21
60.36,107512.21
60.36,107512.21
60.49,107571.75
60.49,107571.75
60.49,107571.75
60.49,107571.75
60.49,107571.75
60.62,107619.17
60.62,107619.17
60.62,107619.17
60.62,107619.17
60.62,107619.17
60.76,107635.57
60.76,107635.57
60.76,107635.57
60.76,107635.57
60.76,107635.57
60.88,107675.69
60.88,107675.69
60.88,107675.69
60.88,107675.69
60.88,107675.69
61.02,107745.10
61.02,107745.10
61.02,107745.10
61.02,107745.10
61.02,107745.10
61.16,107782.86
61.16,107782.86
61.16,107782.86
61.16,107782.86
61.16,107782.86
61.26,107852.49
61.26,107852.49
61.26,107852.49
61.26,107852.49
61.26,107852.49
61.37,107870.78
61.37,107870.78
61.37,107870.78
61.37,107870.78
61.37,107870.78
61.49,107901.33
61.49,107901.33
61.49,107901.33
61.49,107901.33
61.49,107901.33
61.60,107948.21
61.60,107948.21
61.60,107948.21
61.60,107948.21
61.60,107948.21
61.73,107971.91
61.73,107971.91
61.73,107971.91
61.73,107971.91
61.73,107971.91
61.85,107998.44
61.85,107998.44
61.85,107998.44
61.85,107998.44
61.85,107998.44
61.96,108064.03
61.96,108064.03
61.96,108064.03
61.96,108064.03
61.96,108064.03
62.09,108104.14
62.09,108104.14
62.09,108104.14
62.09,108104.14
62.09,108104.14
62.21,108125.05
62.21,108125.05
62.21,108125.05
62.21,108125.05
62.21,108125.05
62.33,108168.81
62.33,108168.81
62.33,108168.81
62.33,108168.81
62.33,108168.81
62.43,108208.41
62.43,108208.41
62.43,108208.41
62.43,108208.41
62.43,108208.41
62.55,108233.55
62.55,108233.55
62.55,108233.55
62.55,108233.55
62.55,108233.55
62.66,108262.13
62.66,108262.13
62.66,108262.13
62.66,108262.13
62.66,108262.13
62.78,108322.92
62.78,108322.92
62.78,108322.92
62.78,108322.92
62.78,108322.92
62.90,108370.30
62.90,108370.30
62.90,108370.30
62.90,108370.30
62.90,108370.30
63.02,108393.75
63.02,108393.75
63.02,108393.75
63.02,108393.75
63.02,108393.75
63.12,108424.52
63.12,108424.52
63.12,108424.52
63.12,108424.52
63.12,108424.52
63.25,108457.84
63.25,108457.84
63.25,108457.84
63.25,108457.84
63.25,108457.84
63.37,108497.97
63.37,108497.97
63.37,108497.97
63.37,108497.97
63.37,108497.97
63.48,108554.25
63.48,108554.25
63.48,108554.25
63.48,108554.25
63.48,108554.25
63.58,108586.60
63.58,108586.60
63.58,108586.60
63.58,108586.60
63.58,108586.60
63.68,108613.71
63.68,108613.71
63.68,108613.71
63.68,108613.71
63.68,108613.71
63.79,108668.00
63.79,108668.00
63.79,108668.00
63.79,108668.00
63.79,108668.00
63.87,108679.60
63.87,108679.60
63.87,108679.60
63.87,108679.60
63.87,108679.60
63.97,108721.35
63.97,108721.35
63.97,108721.35
63.97,108721.35
63.97,108721.35
64.08,108767.55
64.08,108767.55
64.08,108767.55
64.08,108767.55
64.08,108767.55
64.17,108786.07
64.17,108786.07
64.17,108786.07
64.17,108786.07
64.17,108786.07
64.28,108824.77
64.28,108824.77
64.28,108824.77
64.28,108824.77
64.28,108824.77
64.37,108862.35
64.37,108862.35
64.37,108862.35
64.37,108862.35
64.37,108862.35
64.48,108890.91
64.48,108890.91
64.48,108890.91
64.48,108890.91
64.48,108890.91
64.57,108926.21
64.57,108926.21
64.57,108926.21
64.57,108926.21
64.57,108926.21
64.68,108969.47
64.68,108969.47
64.68,108969.47
64.68,108969.47
64.68,108969.47
64.79,109003.69
64.79,109003.69
64.79,109003.69
64.79,109003.69
64.79,109003.69
64.88,109047.77
64.88,109047.77
64.88,109047.77
64.88,109047.77
64.88,109047.77
64.99,109089.64
64.99,109089.64
64.99,109089.64
64.99,109089.64
64.99,109089.64
65.09,109121.66
65.09,109121.66
65.09,109121.66
65.09,109121.66
65.09,109121.66
65.19,109147.69
65.19,109147.69
65.19,109147.69
65.19,109147.69
65.19,109147.69
65.29,109157.81
65.29,109157.81
65.29,109157.81
65.29,109157.81
65.29,109157.81
65.41,109214.11
65.41,109214.11
65.41,109214.11
65.41,109214.11
65.41,109214.11
65.53,109257.28
65.53,109257.28
65.53,109257.28
65.53,109257.28
65.53,109257.28
65.62,109279.85
65.62,109279.85
65.62,109279.85
65.62,109279.85
65.62,109279.85
65.73,109305.67
65.73,109305.67
65.73,109305.67
65.73,109305.67
65.73,109305.67
65.84,109344.36
65.84,109344.36
65.84,109344.36
65.84,109344.36
65.84,109344.36
65.93,109385.82
65.93,109385.82
65.93,109385.82
65.93,109385.82
65.93,109385.82
66.03,109434.25
66.03,109434.25
66.03,109434.25
66.03,109434.25
66.03,109434.25
66.13,109455.17
66.13,109455.17
66.13,109455.17
66.13,109455.17
66.13,109455.17
66.23,109499.63
66.23,109499.63
66.23,109499.63
66.23,109499.63
66.23,109499.63
66.32,109517.75
66.32,109517.75
66.32,109517.75
66.32,109517.75
66.32,109517.75
66.42,109568.51
66.42,109568.51
66.42,109568.51
66.42,109568.51
66.42,109568.51
66.50,109632.21
66.50,109632.21
66.50,109632.21
66.50,109632.21
66.50,109632.21
66.58,109671.77
66.58,109671.77
66.58,109671.77
66.58,109671.77
66.58,109671.77
66.67,109683.23
66.67,109683.23
66.67,109683.23
66.67,109683.23
66.67,109683.23
66.75,109724.35
66.75,109724.35
66.75,109724.35
66.75,109724.35
66.75,109724.35
66.83,109750.39
66.83,109750.39
66.83,109750.39
66.83,109750.39
66.83,109750.39
66.91,109791.17
66.91,109791.17
66.91,109791.17
66.91,109791.17
66.91,109791.17
67.01,109838.21
67.01,109838.21
67.01,109838.21
67.01,109838.21
67.01,109838.21
67.12,109846.36
67.12,109846.36
67.12,109846.36
67.12,109846.36
67.12,109846.36
67.22,109873.47
67.22,109873.47
67.22,109873.47
67.22,109873.47
67.22,109873.47
67.33,109900.54
67.33,109900.54
67.33,109900.54
67.33,109900.54
67.33,109900.54
67.43,109948.92
67.43,109948.92
67.43,109948.92
67.43,109948.92
67.43,109948.92
67.52,109988.58
67.52,109988.58
67.52,109988.58
67.52,109988.58
67.52,109988.58
67.61,110002.08
67.61,110002.08
67.61,110002.08
67.61,110002.08
67.61,110002.08
67.69,110045.55
67.69,110045.55
67.69,110045.55
67.69,110045.55
67.69,110045.55
67.79,110065.63
67.79,110065.63
67.79,110065.63
67.79,110065.63
67.79,110065.63
67.87,110093.36
67.87,110093.36
67.87,110093.36
67.87,110093.36
67.87,110093.36
67.97,110136.57
67.97,110136.57
67.97,110136.57
67.97,110136.57
67.97,110136.57
68.07,110141.57
68.07,110141.57
68.07,110141.57
68.07,110141.57
68.07,110141.57
68.17,110168.99
68.17,110168.99
68.17,110168.99
68.17,110168.99
68.17,110168.99
68.25,110220.44
68.25,110220.44
68.25,110220.44
68.25,110220.44
68.25,110220.44
68.34,110228.11
68.34,110228.11
68.34,110228.11
68.34,110228.11
68.34,110228.11
68.42,110270.19
68.42,110270.19
68.42,110270.19
68.42,110270.19
68.42,110270.19
68.50,110292.33
68.50,110292.33
68.50,110292.33
68.50,110292.33
68.50,110292.33
68.59,110322.24
68.59,110322.24
68.59,110322.24
68.59,110322.24
68.59,110322.24
68.67,110366.03
68.67,110366.03
68.67,110366.03
68.67,110366.03
68.67,110366.03
68.77,110382.22
68.77,110382.22
68.77,110382.22
68.77,110382.22
68.77,110382.22
68.84,110427.71
68.84,110427.71
68.84,110427.71
68.84,110427.71
68.84,110427.71
68.93,110479.02
68.93,110479.02
68.93,110479.02
68.93,110479.02
68.93,110479.02
69.02,110502.02
69.02,110502.02
69.02,110502.02
69.02,110502.02
69.02,110502.02
69.11,110523.83
69.11,110523.83
69.11,110523.83
69.11,110523.83
69.11,110523.83
69.18,110545.33
69.18,110545.33
69.18,110545.33
69.18,110545.33
69.18,110545.33
69.27,110580.24
69.27,110580.24
69.27,110580.24
69.27,110580.24
69.27,110580.24
69.36,110594.00
69.36,110594.00
69.36,110594.00
69.36,110594.00
69.36,110594.00
69.44,110618.11
69.44,110618.11
69.44,110618.11
69.44,110618.11
69.44,110618.11
69.52,110652.96
69.52,110652.96
69.52,110652.96
69.52,110652.96
69.52,110652.96
69.60,110697.53
69.60,110697.53
69.60,110697.53
69.60,110697.53
69.60,110697.53
69.68,110705.42
69.68,110705.42
69.68,110705.42
69.68,110705.42
69.68,110705.42
69.76,110723.63
69.76,110723.63
69.76,110723.63
69.76,110723.63
69.76,110723.63
69.85,110744.96
69.85,110744.96
69.85,110744.96
69.85,110744.96
69.85,110744.96
69.93,110765.32
69.93,110765.32
69.93,110765.32
69.93,110765.32
69.93,110765.32
70.01,110789.74
70.01,110789.74
70.01,110789.74
70.01,110789.74
70.01,110789.74
70.08,110807.50
70.08,110807.50
70.08,110807.50
70.08,110807.50
70.08,110807.50
70.15,110823.86
70.15,110823.86
70.15,110823.86
70.15,110823.86
70.15,110823.86
70.21,110857.72
70.21,110857.72
70.21,110857.72
70.21,110857.72
70.21,110857.72
70.28,110898.24
70.28,110898.24
70.28,110898.24
70.28,110898.24
70.28,110898.24
70.36,110926.07
70.36,110926.07
70.36,110926.07
70.36,110926.07
70.36,110926.07
70.44,110939.57
70.44,110939.57
70.44,110939.57
70.44,110939.57
70.44,110939.57
70.50,110956.71
70.50,110956.71
70.50,110956.71
70.50,110956.71
70.50,110956.71
70.57,110994.96
70.57,110994.96
70.57,110994.96
70.57,110994.96
70.57,110994.96
70.64,111008.00
70.64,111008.00
70.64,111008.00
70.64,111008.00
70.64,111008.00
70.72,111041.66
70.72,111041.66
70.72,111041.66
70.72,111041.66
70.72,111041.66
70.79,111058.83
70.79,111058.83
70.79,111058.83
70.79,111058.83
70.79,111058.83
70.85,111067.50
70.85,111067.50
70.85,111067.50
70.85,111067.50
70.85,111067.50
70.93,111084.57
70.93,111084.57
70.93,111084.57
70.93,111084.57
70.93,111084.57
71.01,111139.53
71.01,111139.53
71.01,111139.53
71.01,111139.53
71.01,111139.53
71.08,111133.76
71.08,111133.76
71.08,111133.76
71.08,111133.76
71.08,111133.76
71.15,111161.58
71.15,111161.58
71.15,111161.58
71.15,111161.58
71.15,111161.58
71.23,111198.27
71.23,111198.27
71.23,111198.27
71.23,111198.27
71.23,111198.27
71.30,111250.86
71.30,111250.86
71.30,111250.86
71.30,111250.86
71.30,111250.86
71.36,111272.22
71.36,111272.22
71.36,111272.22
71.36,111272.22
71.36,111272.22
71.44,111285.01
71.44,111285.01
71.44,111285.01
71.44,111285.01
71.44,111285.01
71.51,111301.91
71.51,111301.91
71.51,111301.91
71.51,111301.91
71.51,111301.91
71.60,111333.89
71.60,111333.89
71.60,111333.89
71.60,111333.89
71.60,111333.89
71.67,111345.27
71.67,111345.27
71.67,111345.27
71.67,111345.27
71.67,111345.27
71.74,111386.53
71.74,111386.53
71.74,111386.53
71.74,111386.53
71.74,111386.53
71.79,111400.75
71.79,111400.75
71.79,111400.75
71.79,111400.75
71.79,111400.75
71.84,111436.89
71.84,111436.89
71.84,111436.89
71.84,111436.89
71.84,111436.89
71.89,111450.24
71.89,111450.24
71.89,111450.24
71.89,111450.24
71.89,111450.24
71.96,111467.80
71.96,111467.80
71.96,111467.80
71.96,111467.80
71.96,111467.80
72.03,111481.16
72.03,111481.16
72.03,111481.16
72.03,111481.16
72.03,111481.16
72.09,111502.77
72.09,111502.77
72.09,111502.77
72.09,111502.77
72.09,111502.77
72.14,111559.11
72.14,111559.11
72.14,111559.11
72.14,111559.11
72.14,111559.11
72.16,111581.42
72.16,111581.42
72.16,111581.42
72.16,111581.42
72.16,111581.42
72.21,111604.68
72.21,111604.68
72.21,111604.68
72.21,111604.68
72.21,111604.68
72.27,111580.89
72.27,111580.89
72.27,111580.89
72.27,111580.89
72.27,111580.89
72.34,111607.17
72.34,111607.17
72.34,111607.17
72.34,111607.17
72.34,111607.17
72.42,111611.25
72.42,111611.25
72.42,111611.25
72.42,111611.25
72.42,111611.25
72.50,111656.29
72.50,111656.29
72.50,111656.29
72.50,111656.29
72.50,111656.29
72.56,111700.32
72.56,111700.32
72.56,111700.32
72.56,111700.32
72.56,111700.32
72.63,111710.39
72.63,111710.39
72.63,111710.39
72.63,111710.39
72.63,111710.39
72.69,111700.93
72.69,111700.93
72.69,111700.93
72.69,111700.93
72.69,111700.93
72.76,111709.26
72.76,111709.26
72.76,111709.26
72.76,111709.26
72.76,111709.26
72.83,111752.57
72.83,111752.57
72.83,111752.57
72.83,111752.57
72.83,111752.57
72.90,111796.32
72.90,111796.32
72.90,111796.32
72.90,111796.32
72.90,111796.32
72.96,111802.85
72.96,111802.85
72.96,111802.85
72.96,111802.85
72.96,111802.85
73.03,111817.77
73.03,111817.77
73.03,111817.77
73.03,111817.77
73.03,111817.77
73.10,111843.63
73.10,111843.63
73.10,111843.63
73.10,111843.63
73.10,111843.63
73.17,111855.53
73.17,111855.53
73.17,111855.53
73.17,111855.53
73.17,111855.53
73.22,111887.01
73.22,111887.01
73.22,111887.01
73.22,111887.01
73.22,111887.01
73.28,111872.50
73.28,111872.50
73.28,111872.50
73.28,111872.50
73.28,111872.50
73.35,111918.58
73.35,111918.58
73.35,111918.58
73.35,111918.58
73.35,111918.58
73.42,111963.38
73.42,111963.38
73.42,111963.38
73.42,111963.38
73.42,111963.38
73.49,111994.88
73.49,111994.88
73.49,111994.88
73.49,111994.88
73.49,111994.88
73.54,111997.78
73.54,111997.78
73.54,111997.78
73.54,111997.78
73.54,111997.78
73.61,112012.50
73.61,112012.50
73.61,112012.50
73.61,112012.50
73.61,112012.50
73.68,112034.78
73.68,112034.78
73.68,112034.78
73.68,112034.78
73.68,112034.78
73.73,112059.46
73.73,112059.46
73.73,112059.46
73.73,112059.46
73.73,112059.46
73.79,112082.47
73.79,112082.47
73.79,112082.47
73.79,112082.47
73.79,112082.47
73.85,112101.44
73.85,112101.44
73.85,112101.44
73.85,112101.44
73.85,112101.44
73.90,112127.21
73.90,112127.21
73.90,112127.21
73.90,112127.21
73.90,112127.21
73.95,112144.75
73.95,112144.75
73.95,112144.75
73.95,112144.75
73.95,112144.75
74.00,112166.63
74.00,112166.63
74.00,112166.63
74.00,112166.63
74.00,112166.63
74.06,112198.36
74.06,112198.36
74.06,112198.36
74.06,112198.36
74.06,112198.36
74.12,112223.31
74.12,112223.31
74.12,112223.31
74.12,112223.31
74.12,112223.31
74.18,112244.74
74.18,112244.74
74.18,112244.74
74.18,112244.74
74.18,112244.74
74.23,112261.32
74.23,112261.32
74.23,112261.32
74.23,112261.32
74.23,112261.32
74.29,112295.71
74.29,112295.71
74.29,112295.71
74.29,112295.71
74.29,112295.71
74.34,112323.32
74.34,112323.32
74.34,112323.32
74.34,112323.32
74.34,112323.32
74.39,112316.61
74.39,112316.61
74.39,112316.61
74.39,112316.61
74.39,112316.61
74.44,112336.92
74.44,112336.92
74.44,112336.92
74.44,112336.92
74.44,112336.92
74.50,112333.03
74.50,112333.03
74.50,112333.03
74.50,112333.03
74.50,112333.03
74.54,112374.49
74.54,112374.49
74.54,112374.49
74.54,112374.49
74.54,112374.49
74.57,112385.82
74.57,112385.82
74.57,112385.82
74.57,112385.82
74.57,112385.82
74.62,112396.33
74.62,112396.33
74.62,112396.33
74.62,112396.33
74.62,112396.33
74.67,112426.57
74.67,112426.57
74.67,112426.57
74.67,112426.57
74.67,112426.57
74.72,112434.55
74.72,112434.55
74.72,112434.55
74.72,112434.55
74.72,112434.55
74.77,112453.69
74.77,112453.69
74.77,112453.69
74.77,112453.69
74.77,112453.69
74.83,112477.17
74.83,112477.17
74.83,112477.17
74.83,112477.17
74.83,112477.17
74.89,112506.10
74.89,112506.10
74.89,112506.10
74.89,112506.10
74.89,112506.10
74.93,112532.97
74.93,112532.97
74.93,112532.97
74.93,112532.97
74.93,112532.97
74.98,112540.07
74.98,112540.07
74.98,112540.07
74.98,112540.07
74.98,112540.07
75.03,112517.57
75.03,112517.57
75.03,112517.57
75.03,112517.57
75.03,112517.57
75.08,112549.13
75.08,112549.13
75.08,112549.13
75.08,112549.13
75.08,112549.13
75.12,112556.36
75.12,112556.36
75.12,112556.36
75.12,112556.36
75.12,112556.36
75.16,112595.10
75.16,112595.10
75.16,112595.10
75.16,112595.10
75.16,112595.10
75.20,112600.32
75.20,112600.32
75.20,112600.32
75.20,112600.32
75.20,112600.32
75.24,112622.91
75.24,112622.91
75.24,112622.91
75.24,112622.91
75.24,112622.91
75.25,112671.08
75.25,112671.08
75.25,112671.08
75.25,112671.08
75.25,112671.08
75.27,112683.53
75.27,112683.53
75.27,112683.53
75.27,112683.53
75.27,112683.53
75.30,112662.49
75.30,112662.49
75.30,112662.49
75.30,112662.49
75.30,112662.49
75.37,112656.14
75.37,112656.14
75.37,112656.14
75.37,112656.14
75.37,112656.14
75.42,112678.31
75.42,112678.31
75.42,112678.31
75.42,112678.31
75.42,112678.31
75.48,112700.85
75.48,112700.85
75.48,112700.85
75.48,112700.85
75.48,112700.85
75.52,112710.85
75.52,112710.85
75.52,112710.85
75.52,112710.85
75.52,112710.85
75.57,112741.41
75.57,112741.41
75.57,112741.41
75.57,112741.41
75.57,112741.41
75.62,112758.14
75.62,112758.14
75.62,112758.14
75.62,112758.14
75.62,112758.14
75.66,112763.46
75.66,112763.46
75.66,112763.46
75.66,112763.46
75.66,112763.46
75.71,112801.61
75.71,112801.61
75.71,112801.61
75.71,112801.61
75.71,112801.61
75.75,112803.29
75.75,112803.29
75.75,112803.29
75.75,112803.29
75.75,112803.29
75.79,112826.53
75.79,112826.53
75.79,112826.53
75.79,112826.53
75.79,112826.53
75.83,112835.48
75.83,112835.48
75.83,112835.48
75.83,112835.48
75.83,112835.48
75.88,112843.99
75.88,112843.99
75.88,112843.99
75.88,112843.99
75.88,112843.99
75.93,112865.86
75.93,112865.86
75.93,112865.86
75.93,112865.86
75.93,112865.86
75.96,112899.17
75.96,112899.17
75.96,112899.17
75.96,112899.17
75.96,112899.17
76.01,112912.57
76.01,112912.57
76.01,112912.57
76.01,112912.57
76.01,112912.57
76.06,112925.24
76.06,112925.24
76.06,112925.24
76.06,112925.24
76.06,112925.24
76.11,112954.28
76.11,112954.28
76.11,112954.28
76.11,112954.28
76.11,112954.28
76.14,113007.83
76.14,113007.83
76.14,113007.83
76.14,113007.83
76.14,113007.83
76.17,113022.66
76.17,113022.66
76.17,113022.66
76.17,113022.66
76.17,113022.66
76.23,113035.14
76.23,113035.14
76.23,113035.14
76.23,113035.14
76.23,113035.14
76.29,113055.97
76.29,113055.97
76.29,113055.97
76.29,113055.97
76.29,113055.97
76.33,113056.16
76.33,113056.16
76.33,113056.16
76.33,113056.16
76.33,113056.16
76.39,113072.32
76.39,113072.32
76.39,113072.32
76.39,113072.32
76.39,113072.32
76.45,113094.24
76.45,113094.24
76.45,113094.24
76.45,113094.24
76.45,113094.24
76.51,113103.53
76.51,113103.53
76.51,113103.53
76.51,113103.53
76.51,113103.53
76.56,113105.02
76.56,113105.02
76.56,113105.02
76.56,113105.02
76.56,113105.02
76.62,113143.31
76.62,113143.31
76.62,113143.31
76.62,113143.31
76.62,113143.31
76.69,113160.03
76.69,113160.03
76.69,113160.03
76.69,113160.03
76.69,113160.03
76.75,113171.69
76.75,113171.69
76.75,113171.69
76.75,113171.69
76.75,113171.69
76.80,113186.94
76.80,113186.94
76.80,113186.94
76.80,113186.94
76.80,113186.94
76.86,113186.86
76.86,113186.86
76.86,113186.86
76.86,113186.86
76.86,113186.86
76.91,113213.92
76.91,113213.92
76.91,113213.92
76.91,113213.92
76.91,113213.92
76.97,113216.53
76.97,113216.53
76.97,113216.53
76.97,113216.53
76.97,113216.53
77.01,113198.45
77.01,113198.45
77.01,113198.45
77.01,113198.45
77.01,113198.45
77.06,113214.88
77.06,113214.88
77.06,113214.88
77.06,113214.88
77.06,113214.88
77.11,113254.97
77.11,113254.97
77.11,113254.97
77.11,113254.97
77.11,113254.97
77.14,113263.89
77.14,113263.89
77.14,113263.89
77.14,113263.89
77.14,113263.89
77.15,113280.16
77.15,113280.16
77.15,113280.16
77.15,113280.16
77.15,113280.16
77.17,113274.38
77.17,113274.38
77.17,113274.38
77.17,113274.38
77.17,113274.38
77.19,113288.71
77.19,113288.71
77.19,113288.71
77.19,113288.71
77.19,113288.71
77.21,113298.50
77.21,113298.50
77.21,113298.50
77.21,113298.50
77.21,113298.50
77.23,113324.03
77.23,113324.03
77.23,113324.03
77.23,113324.03
77.23,113324.03
77.26,113351.45
77.26,113351.45
77.26,113351.45
77.26,113351.45
77.26,113351.45
77.29,113339.76
77.29,113339.76
77.29,113339.76
77.29,113339.76
77.29,113339.76
77.33,113319.68
77.33,113319.68
77.33,113319.68
77.33,113319.68
77.33,113319.68
77.37,113348.64
77.37,113348.64
77.37,113348.64
77.37,113348.64
77.37,113348.64
77.41,113391.27
77.41,113391.27
77.41,113391.27
77.41,113391.27
77.41,113391.27
77.44,113377.52
77.44,113377.52
77.44,113377.52
77.44,113377.52
77.44,113377.52
77.48,113390.78
77.48,113390.78
77.48,113390.78
77.48,113390.78
77.48,113390.78
77.52,113416.83
77.52,113416.83
77.52,113416.83
77.52,113416.83
77.52,113416.83
77.55,113423.32
77.55,113423.32
77.55,113423.32
77.55,113423.32
77.55,113423.32
77.59,113468.97
77.59,113468.97
77.59,113468.97
77.59,113468.97
77.59,113468.97
77.63,113494.47
77.63,113494.47
77.63,113494.47
77.63,113494.47
77.63,113494.47
77.66,113495.05
77.66,113495.05
77.66,113495.05
77.66,113495.05
77.66,113495.05
77.69,113493.05
77.69,113493.05
77.69,113493.05
77.69,113493.05
77.69,113493.05
77.72,113496.63
77.72,113496.63
77.72,113496.63
77.72,113496.63
77.72,113496.63
77.75,113500.66
77.75,113500.66
77.75,113500.66
77.75,113500.66
77.75,113500.66
77.78,113537.82
77.78,113537.82
77.78,113537.82
77.78,113537.82
77.78,113537.82
77.82,113568.05
77.82,113568.05
77.82,113568.05
77.82,113568.05
77.82,113568.05
77.84,113567.74
77.84,113567.74
77.84,113567.74
77.84,113567.74
77.84,113567.74
77.86,113594.28
77.86,113594.28
77.86,113594.28
77.86,113594.28
77.86,113594.28
77.88,113606.86
77.88,113606.86
77.88,113606.86
77.88,113606.86
77.88,113606.86
77.90,113593.22
77.90,113593.22
77.90,113593.22
77.90,113593.22
77.90,113593.22
77.92,113611.60
77.92,113611.60
77.92,113611.60
77.92,113611.60
77.92,113611.60
77.95,113631.17
77.95,113631.17
77.95,113631.17
77.95,113631.17
77.95,113631.17
77.98,113603.63
77.98,113603.63
77.98,113603.63
77.98,113603.63
77.98,113603.63
78.02,113620.17
78.02,113620.17
78.02,113620.17
78.02,113620.17
78.02,113620.17
78.06,113637.35
78.06,113637.35
78.06,113637.35
78.06,113637.35
78.06,113637.35
78.08,113675.51
78.08,113675.51
78.08,113675.51
78.08,113675.51
78.08,113675.51
78.11,113676.95
78.11,113676.95
78.11,113676.95
78.11,113676.95
78.11,113676.95
78.13,113678.22
78.13,113678.22
78.13,113678.22
78.13,113678.22
78.13,113678.22
78.16,113684.27
78.16,113684.27
78.16,113684.27
78.16,113684.27
78.16,113684.27
78.19,113708.77
78.19,113708.77
78.19,113708.77
78.19,113708.77
78.19,113708.77
78.21,113713.14
78.21,113713.14
78.21,113713.14
78.21,113713.14
78.21,113713.14
78.25,113724.91
78.25,113724.91
78.25,113724.91
78.25,113724.91
78.25,113724.91
78.27,113745.34
78.27,113745.34
78.27,113745.34
78.27,113745.34
78.27,113745.34
78.30,113770.60
78.30,113770.60
78.30,113770.60
78.30,113770.60
78.30,113770.60
78.33,113735.57
78.33,113735.57
78.33,113735.57
78.33,113735.57
78.33,113735.57
78.38,113738.13
78.38,113738.13
78.38,113738.13
78.38,113738.13
78.38,113738.13
78.42,113784.63
78.42,113784.63
78.42,113784.63
78.42,113784.63
78.42,113784.63
78.46,113769.61
78.46,113769.61
78.46,113769.61
78.46,113769.61
78.46,113769.61
78.49,113794.78
78.49,113794.78
78.49,113794.78
78.49,113794.78
78.49,113794.78
78.53,113801.44
78.53,113801.44
78.53,113801.44
78.53,113801.44
78.53,113801.44
78.57,113830.71
78.57,113830.71
78.57,113830.71
78.57,113830.71
78.57,113830.71
78.61,113867.38
78.61,113867.38
78.61,113867.38
78.61,113867.38
78.61,113867.38
78.63,113894.88
78.63,113894.88
78.63,113894.88
78.63,113894.88
78.63,113894.88
78.65,113904.11
78.65,113904.11
78.65,113904.11
78.65,113904.11
78.65,113904.11
78.69,113896.83
78.69,113896.83
78.69,113896.83
78.69,113896.83
78.69,113896.83
78.73,113904.80
78.73,113904.80
78.73,113904.80
78.73,113904.80
78.73,113904.80
78.78,113909.14
78.78,113909.14
78.78,113909.14
78.78,113909.14
78.78,113909.14
78.82,113915.54
78.82,113915.54
78.82,113915.54
78.82,113915.54
78.82,113915.54
78.88,113929.14
78.88,113929.14
78.88,113929.14
78.88,113929.14
78.88,113929.14
78.95,113924.05
78.95,113924.05
78.95,113924.05
78.95,113924.05
78.95,113924.05
79.01,113932.28
79.01,113932.28
79.01,113932.28
79.01,113932.28
79.01,113932.28
79.08,113959.49
79.08,113959.49
79.08,113959.49
79.08,113959.49
79.08,113959.49
79.14,113957.25
79.14,113957.25
79.14,113957.25
79.14,113957.25
79.14,113957.25
79.23,113975.47
79.23,113975.47
79.23,113975.47
79.23,113975.47
79.23,113975.47
79.30,113979.42
79.30,113979.42
79.30,113979.42
79.30,113979.42
79.30,113979.42
79.38,114010.53
79.38,114010.53
79.38,114010.53
79.38,114010.53
79.38,114010.53
79.45,114013.32
79.45,114013.32
79.45,114013.32
79.45,114013.32
79.45,114013.32
79.52,114023.24
79.52,114023.24
79.52,114023.24
79.52,114023.24
79.52,114023.24
79.58,114046.19
79.58,114046.19
79.58,114046.19
79.58,114046.19
79.58,114046.19
79.63,114066.14
79.63,114066.14
79.63,114066.14
79.63,114066.14
79.63,114066.14
79.68,114087.85
79.68,114087.85
79.68,114087.85
79.68,114087.85
79.68,114087.85
79.74,114074.82
79.74,114074.82
79.74,114074.82
79.74,114074.82
79.74,114074.82
79.80,114066.77
79.80,114066.77
79.80,114066.77
79.80,114066.77
79.80,114066.77
79.85,114077.25
79.85,114077.25
79.85,114077.25
79.85,114077.25
79.85,114077.25
79.91,114088.71
79.91,114088.71
79.91,114088.71
79.91,114088.71
79.91,114088.71
79.98,114083.08
79.98,114083.08
79.98,114083.08
79.98,114083.08
79.98,114083.08
80.04,114087.37
80.04,114087.37
80.04,114087.37
80.04,114087.37
80.04,114087.37
80.07,114091.30
80.07,114091.30
80.07,114091.30
80.07,114091.30
80.07,114091.30
80.11,114099.33
80.11,114099.33
80.11,114099.33
80.11,114099.33
80.11,114099.33
80.15,114126.78
80.15,114126.78
80.15,114126.78
80.15,114126.78
80.15,114126.78
80.18,114122.53
80.18,114122.53
80.18,114122.53
80.18,114122.53
80.18,114122.53
80.23,114118.86
80.23,114118.86
80.23,114118.86
80.23,114118.86
80.23,114118.86
80.28,114133.63
80.28,114133.63
80.28,114133.63
80.28,114133.63
80.28,114133.63
80.31,114121.07
80.31,114121.07
80.31,114121.07
80.31,114121.07
80.31,114121.07
80.34,113934.50
80.34,113934.50
80.34,113934.50
80.34,113934.50
80.34,113934.50
80.32,113694.78
80.32,113694.78
80.32,113694.78
80.32,113694.78
80.32,113694.78
80.20,113363.88
80.20,113363.88
80.20,113363.88
80.20,113363.88
80.20,113363.88
79.95,113025.79
79.95,113025.79
79.95,113025.79
79.95,113025.79
79.95,113025.79
79.58,112673.54
79.58,112673.54
79.58,112673.54
79.58,112673.54
79.58,112673.54
79.11,112341.88
79.11,112341.88
79.11,112341.88
79.11,112341.88
79.11,112341.88
78.62,112056.49
78.62,112056.49
78.62,112056.49
78.62,112056.49
78.62,112056.49
78.02,111773.58
78.02,111773.58
78.02,111773.58
78.02,111773.58
78.02,111773.58
77.38,111463.82
77.38,111463.82
77.38,111463.82
77.38,111463.82
77.38,111463.82
76.70,111185.71
76.70,111185.71
76.70,111185.71
76.70,111185.71
76.70,111185.71
76.08,110942.77
76.08,110942.77
76.08,110942.77
76.08,110942.77
76.08,110942.77
75.38,110694.10
75.38,110694.10
75.38,110694.10
75.38,110694.10
75.38,110694.10
74.67,110459.07
74.67,110459.07
74.67,110459.07
74.67,110459.07
74.67,110459.07
73.94,110226.85
73.94,110226.85
73.94,110226.85
73.94,110226.85
73.94,110226.85
73.29,110018.35
73.29,110018.35
73.29,110018.35
73.29,110018.35
73.29,110018.35
72.56,109793.85
72.56,109793.85
72.56,109793.85
72.56,109793.85
72.56,109793.85
71.83,109573.97
71.83,109573.97
71.83,109573.97
71.83,109573.97
71.83,109573.97
71.19,109371.36
71.19,109371.36
71.19,109371.36
71.19,109371.36
71.19,109371.36
70.47,109145.41
70.47,109145.41
70.47,109145.41
70.47,109145.41
70.47,109145.41
69.76,108927.73
69.76,108927.73
69.76,108927.73
69.76,108927.73
69.76,108927.73
69.05,108722.56
69.05,108722.56
69.05,108722.56
69.05,108722.56
69.05,108722.56
68.42,108540.10
68.42,108540.10
68.42,108540.10
68.42,108540.10
68.42,108540.10
67.73,108347.92
67.73,108347.92
67.73,108347.92
67.73,108347.92
67.73,108347.92
67.05,108157.55
67.05,108157.55
67.05,108157.55
67.05,108157.55
67.05,108157.55
66.38,107966.05
66.38,107966.05
66.38,107966.05
66.38,107966.05
66.38,107966.05
65.78,107796.13
65.78,107796.13
65.78,107796.13
65.78,107796.13
65.78,107796.13
65.13,107611.99
65.13,107611.99
65.13,107611.99
65.13,107611.99
65.13,107611.99
64.48,107427.45
64.48,107427.45
64.48,107427.45
64.48,107427.45
64.48,107427.45
63.91,107260.16
63.91,107260.16
63.91,107260.16
63.91,107260.16
63.91,107260.16
63.28,107080.72
63.28,107080.72
63.28,107080.72
63.28,107080.72
63.28,107080.72
62.66,106907.50
62.66,106907.50
62.66,106907.50
62.66,106907.50
62.66,106907.50
62.05,106738.97
62.05,106738.97
62.05,106738.97
62.05,106738.97
62.05,106738.97
61.50,106588.77
61.50,106588.77
61.50,106588.77
61.50,106588.77
61.50,106588.77
60.91,106423.25
60.91,106423.25
60.91,106423.25
60.91,106423.25
60.91,106423.25
60.32,106257.97
60.32,106257.97
60.32,106257.97
60.32,106257.97
60.32,106257.97
59.80,106114.58
59.80,106114.58
59.80,106114.58
59.80,106114.58
59.80,106114.58
59.23,105960.47
59.23,105960.47
59.23,105960.47
59.23,105960.47
59.23,105960.47
58.67,105810.46
58.67,105810.46
58.67,105810.46
58.67,105810.46
58.67,105810.46
58.17,105679.25
58.17,105679.25
58.17,105679.25
58.17,105679.25
58.17,105679.25
57.63,105540.74
57.63,105540.74
57.63,105540.74
57.63,105540.74
57.63,105540.74
57.10,105404.19
57.10,105404.19
57.10,105404.19
57.10,105404.19
57.10,105404.19
56.57,105269.61
56.57,105269.61
56.57,105269.61
56.57,105269.61
56.57,105269.61
56.11,105150.02
56.11,105150.02
56.11,105150.02
56.11,105150.02
56.11,105150.02
55.61,105015.46
55.61,105015.46
55.61,105015.46
55.61,105015.46
55.61,105015.46
55.11,104883.78
55.11,104883.78
55.11,104883.78
55.11,104883.78
55.11,104883.78
54.67,104768.66
54.67,104768.66
54.67,104768.66
54.67,104768.66
54.67,104768.66
54.20,104641.19
54.20,104641.19
54.20,104641.19
54.20,104641.19
54.20,104641.19
53.73,104516.07
53.73,104516.07
53.73,104516.07
53.73,104516.07
53.73,104516.07
53.31,104406.13
53.31,104406.13
53.31,104406.13
53.31,104406.13
53.31,104406.13
52.86,104286.78
52.86,104286.78
52.86,104286.78
52.86,104286.78
52.86,104286.78
52.42,104169.42
52.42,104169.42
52.42,104169.42
52.42,104169.42
52.42,104169.42
52.03,104063.86
52.03,104063.86
52.03,104063.86
52.03,104063.86
52.03,104063.86
51.61,103951.83
51.61,103951.83
51.61,103951.83
51.61,103951.83
51.61,103951.83
51.19,103845.11
51.19,103845.11
51.19,103845.11
51.19,103845.11
51.19,103845.11
50.82,103754.14
50.82,103754.14
50.82,103754.14
50.82,103754.14
50.82,103754.14
50.42,103652.36
50.42,103652.36
50.42,103652.36
50.42,103652.36
50.42,103652.36
50.03,103555.80
50.03,103555.80
50.03,103555.80
50.03,103555.80
50.03,103555.80
49.69,103471.81
49.69,103471.81
49.69,103471.81
49.69,103471.81
49.69,103471.81
49.32,103378.46
49.32,103378.46
49.32,103378.46
49.32,103378.46
49.32,103378.46
48.96,103287.35
48.96,103287.35
48.96,103287.35
48.96,103287.35
48.96,103287.35
48.64,103204.86
48.64,103204.86
48.64,103204.86
48.64,103204.86
48.64,103204.86
48.30,103114.33
48.30,103114.33
48.30,103114.33
48.30,103114.33
48.30,103114.33
47.96,103023.72
47.96,103023.72
47.96,103023.72
47.96,103023.72
47.96,103023.72
47.67,102941.86
47.67,102941.86
47.67,102941.86
47.67,102941.86
47.67,102941.86
47.34,102853.89
47.34,102853.89
47.34,102853.89
47.34,102853.89
47.34,102853.89
47.03,102769.14
47.03,102769.14
47.03,102769.14
47.03,102769.14
47.03,102769.14
46.75,102690.16
46.75,102690.16
46.75,102690.16
46.75,102690.16
46.75,102690.16
46.44,102595.83
46.44,102595.83
46.44,102595.83
46.44,102595.83
46.44,102595.83
46.14,102503.07
46.14,102503.07
46.14,102503.07
46.14,102503.07
46.14,102503.07
45.87,102424.15
45.87,102424.15
45.87,102424.15
45.87,102424.15
45.87,102424.15
45.59,102340.94
45.59,102340.94
45.59,102340.94
45.59,102340.94
45.59,102340.94
45.29,102256.87
45.29,102256.87
45.29,102256.87
45.29,102256.87
45.29,102256.87
45.04,102181.66
45.04,102181.66
45.04,102181.66
45.04,102181.66
45.04,102181.66
44.76,102099.81
44.76,102099.81
44.76,102099.81
44.76,102099.81
44.76,102099.81
44.49,102020.59
44.49,102020.59
44.49,102020.59
44.49,102020.59
44.49,102020.59
44.25,101952.13
44.25,101952.13
44.25,101952.13
44.25,101952.13
44.25,101952.13
43.97,101876.74
43.97,101876.74
43.97,101876.74
43.97,101876.74
43.97,101876.74
43.71,101803.23
43.71,101803.23
43.71,101803.23
43.71,101803.23
43.71,101803.23
43.47,101738.57
43.47,101738.57
43.47,101738.57
43.47,101738.57
43.47,101738.57
43.21,101667.90
43.21,101667.90
43.21,101667.90
43.21,101667.90
43.21,101667.90
42.96,101599.07
42.96,101599.07
42.96,101599.07
42.96,101599.07
42.96,101599.07
42.73,101537.16
42.73,101537.16
42.73,101537.16
42.73,101537.16
42.73,101537.16
42.48,101470.78
42.48,101470.78
42.48,101470.78
42.48,101470.78
42.48,101470.78
42.24,101403.16
42.24,101403.16
42.24,101403.16
42.24,101403.16
42.24,101403.16
42.02,101340.46
42.02,101340.46
42.02,101340.46
42.02,101340.46
42.02,101340.46
41.78,101273.30
41.78,101273.30
41.78,101273.30
41.78,101273.30
41.78,101273.30
41.57,101208.14
41.57,101208.14
41.57,101208.14
41.57,101208.14
41.57,101208.14
41.34,101152.36
41.34,101152.36
41.34,101152.36
41.34,101152.36
41.34,101152.36
41.12,101093.00
41.12,101093.00
41.12,101093.00
41.12,101093.00
41.12,101093.00
40.92,101039.80
40.92,101039.80
40.92,101039.80
40.92,101039.80
40.92,101039.80
40.70,100976.69
40.70,100976.69
40.70,100976.69
40.70,100976.69
40.70,100976.69
40.49,100914.99
40.49,100914.99
40.49,100914.99
40.49,100914.99
40.49,100914.99
40.30,100860.60
40.30,100860.60
40.30,100860.60
40.30,100860.60
40.30,100860.60
40.09,100804.10
40.09,100804.10
40.09,100804.10
40.09,100804.10
40.09,100804.10
39.89,100754.46
39.89,100754.46
39.89,100754.46
39.89,100754.46
39.89,100754.46
39.72,100711.01
39.72,100711.01
39.72,100711.01
39.72,100711.01
39.72,100711.01
39.53,100660.80
39.53,100660.80
39.53,100660.80
39.53,100660.80
39.53,100660.80
39.34,100610.54
39.34,100610.54
39.34,100610.54
39.34,100610.54
39.34,100610.54
39.18,100564.49
39.18,100564.49
39.18,100564.49
39.18,100564.49
39.18,100564.49
38.99,100519.39
38.99,100519.39
38.99,100519.39
38.99,100519.39
38.99,100519.39
38.83,100484.80
38.83,100484.80
38.83,100484.80
38.83,100484.80
38.83,100484.80
38.65,100450.39
38.65,100450.39
38.65,100450.39
38.65,100450.39
38.65,100450.39
38.48,100415.38
38.48,100415.38
38.48,100415.38
38.48,100415.38
38.48,100415.38
38.33,100381.66
38.33,100381.66
38.33,100381.66
38.33,100381.66
38.33,100381.66
38.17,100342.14
38.17,100342.14
38.17,100342.14
38.17,100342.14
38.17,100342.14
38.02,100302.86
38.02,100302.86
38.02,100302.86
38.02,100302.86
38.02,100302.86
37.88,100270.82
37.88,100270.82
37.88,100270.82
37.88,100270.82
37.88,100270.82
37.73,100236.75
37.73,100236.75
37.73,100236.75
37.73,100236.75
37.73,100236.75
37.60,100204.11
37.60,100204.11
37.60,100204.11
37.60,100204.11
37.60,100204.11
37.45,100165.11
37.45,100165.11
37.45,100165.11
37.45,100165.11
37.45,100165.11
37.31,100124.89
37.31,100124.89
37.31,100124.89
37.31,100124.89
37.31,100124.89
37.19,100091.35
37.19,100091.35
37.19,100091.35
37.19,100091.35
37.19,100091.35
37.05,100053.82
37.05,100053.82
37.05,100053.82
37.05,100053.82
37.05,100053.82
36.91,100013.47
36.91,100013.47
36.91,100013.47
36.91,100013.47
36.91,100013.47
36.79,99975.42
36.79,99975.42
36.79,99975.42
36.79,99975.42
36.79,99975.42
36.65,99932.28
36.65,99932.28
36.65,99932.28
36.65,99932.28
36.65,99932.28
36.52,99891.88
36.52,99891.88
36.52,99891.88
36.52,99891.88
36.52,99891.88
36.40,99859.67
36.40,99859.67
36.40,99859.67
36.40,99859.67
36.40,99859.67
36.26,99824.28
36.26,99824.28
36.26,99824.28
36.26,99824.28
36.26,99824.28
36.14,99794.10
36.14,99794.10
36.14,99794.10
36.14,99794.10
36.14,99794.10
36.01,99757.91
36.01,99757.91
36.01,99757.91
36.01,99757.91
36.01,99757.91
35.89,99719.54
35.89,99719.54
35.89,99719.54
35.89,99719.54
35.89,99719.54
35.77,99681.13
35.77,99681.13
35.77,99681.13
35.77,99681.13
35.77,99681.13
35.64,99635.13
35.64,99635.13
35.64,99635.13
35.64,99635.13
35.64,99635.13
35.53,99591.48
35.53,99591.48
35.53,99591.48
35.53,99591.48
35.53,99591.48
35.40,99541.78
35.40,99541.78
35.40,99541.78
35.40,99541.78
35.40,99541.78
35.27,99492.86
35.27,99492.86
35.27,99492.86
35.27,99492.86
35.27,99492.86
35.15,99450.43
35.15,99450.43
35.15,99450.43
35.15,99450.43
35.15,99450.43
35.01,99404.21
35.01,99404.21
35.01,99404.21
35.01,99404.21
35.01,99404.21
34.87,99359.63
34.87,99359.63
34.87,99359.63
34.87,99359.63
34.87,99359.63
34.75,99317.35
34.75,99317.35
34.75,99317.35
34.75,99317.35
34.75,99317.35
34.62,99269.94
34.62,99269.94
34.62,99269.94
34.62,99269.94
34.62,99269.94
34.49,99229.69
34.49,99229.69
34.49,99229.69
34.49,99229.69
34.49,99229.69
34.35,99185.42
34.35,99185.42
34.35,99185.42
34.35,99185.42
34.35,99185.42
34.22,99142.78
34.22,99142.78
34.22,99142.78
34.22,99142.78
34.22,99142.78
34.09,99104.96
34.09,99104.96
34.09,99104.96
34.09,99104.96
34.09,99104.96
33.96,99063.60
33.96,99063.60
33.96,99063.60
33.96,99063.60
33.96,99063.60
33.82,99022.45
33.82,99022.45
33.82,99022.45
33.82,99022.45
33.82,99022.45
33.69,98989.23
33.69,98989.23
33.69,98989.23
33.69,98989.23
33.69,98989.23
33.56,98952.96
33.56,98952.96
33.56,98952.96
33.56,98952.96
33.56,98952.96
33.44,98920.19
33.44,98920.19
33.44,98920.19
33.44,98920.19
33.44,98920.19
33.31,98883.85
33.31,98883.85
33.31,98883.85
33.31,98883.85
33.31,98883.85
33.17,98845.82
33.17,98845.82
33.17,98845.82
33.17,98845.82
33.17,98845.82
33.06,98811.42
33.06,98811.42
33.06,98811.42
33.06,98811.42
33.06,98811.42
32.93,98774.50
32.93,98774.50
32.93,98774.50
32.93,98774.50
32.93,98774.50
32.81,98741.78
32.81,98741.78
32.81,98741.78
32.81,98741.78
32.81,98741.78
32.69,98706.71
32.69,98706.71
32.69,98706.71
32.69,98706.71
32.69,98706.71
32.56,98672.33
32.56,98672.33
32.56,98672.33
32.56,98672.33
32.56,98672.33
32.44,98641.75
32.44,98641.75
32.44,98641.75
32.44,98641.75
32.44,98641.75
32.32,98611.36
32.32,98611.36
32.32,98611.36
32.32,98611.36
32.32,98611.36
32.21,98583.88
32.21,98583.88
32.21,98583.88
32.21,98583.88
32.21,98583.88
32.09,98554.75
32.09,98554.75
32.09,98554.75
32.09,98554.75
32.09,98554.75
31.98,98528.89
31.98,98528.89
31.98,98528.89
31.98,98528.89
31.98,98528.89
31.88,98506.21
31.88,98506.21
31.88,98506.21
31.88,98506.21
31.88,98506.21
31.76,98482.89
31.76,98482.89
31.76,98482.89
31.76,98482.89
31.76,98482.89
31.66,98462.70
31.66,98462.70
31.66,98462.70
31.66,98462.70
31.66,98462.70
31.57,98448.92
31.57,98448.92
31.57,98448.92
31.57,98448.92
31.57,98448.92
31.47,98436.17
31.47,98436.17
31.47,98436.17
31.47,98436.17
31.47,98436.17
31.39,98425.57
31.39,98425.57
31.39,98425.57
31.39,98425.57
31.39,98425.57
31.31,98413.22
31.31,98413.22
31.31,98413.22
31.31,98413.22
31.31,98413.22
31.22,98401.59
31.22,98401.59
31.22,98401.59
31.22,98401.59
31.22,98401.59
31.16,98390.11
31.16,98390.11
31.16,98390.11
31.16,98390.11
31.16,98390.11
31.08,98374.55
31.08,98374.55
31.08,98374.55
31.08,98374.55
31.08,98374.55
31.02,98359.19
31.02,98359.19
31.02,98359.19
31.02,98359.19
31.02,98359.19
30.95,98341.02
30.95,98341.02
30.95,98341.02
30.95,98341.02
30.95,98341.02
30.88,98320.17
30.88,98320.17
30.88,98320.17
30.88,98320.17
30.88,98320.17
30.83,98301.41
30.83,98301.41
30.83,98301.41
30.83,98301.41
30.83,98301.41
30.76,98282.19
30.76,98282.19
30.76,98282.19
30.76,98282.19
30.76,98282.19
30.70,98265.08
30.70,98265.08
30.70,98265.08
30.70,98265.08
30.70,98265.08
30.64,98245.36
30.64,98245.36
30.64,98245.36
30.64,98245.36
30.64,98245.36
30.57,98224.82
30.57,98224.82
30.57,98224.82
30.57,98224.82
30.57,98224.82
30.51,98206.76
30.51,98206.76
30.51,98206.76
30.51,98206.76
30.51,98206.76
30.45,98185.96
30.45,98185.96
30.45,98185.96
30.45,98185.96
30.45,98185.96
30.39,98166.32
30.39,98166.32
30.39,98166.32
30.39,98166.32
30.39,98166.32
30.33,98144.39
30.33,98144.39
30.33,98144.39
30.33,98144.39
30.33,98144.39
30.27,98122.81
30.27,98122.81
30.27,98122.81
30.27,98122.81
30.27,98122.81
30.21,98105.03
30.21,98105.03
30.21,98105.03
30.21,98105.03
30.21,98105.03
30.15,98088.78
30.15,98088.78
30.15,98088.78
30.15,98088.78
30.15,98088.78
30.09,98074.39
30.09,98074.39
30.09,98074.39
30.09,98074.39
30.09,98074.39
30.03,98058.41
30.03,98058.41
30.03,98058.41
30.03,98058.41
30.03,98058.41
29.97,98044.45
29.97,98044.45
29.97,98044.45
29.97,98044.45
29.97,98044.45
29.92,98031.32
29.92,98031.32
29.92,98031.32
29.92,98031.32
29.92,98031.32
29.87,98019.24
29.87,98019.24
29.87,98019.24
29.87,98019.24
29.87,98019.24
29.82,98006.47
29.82,98006.47
29.82,98006.47
29.82,98006.47
29.82,98006.47
29.77,97991.92
29.77,97991.92
29.77,97991.92
29.77,97991.92
29.77,97991.92
29.72,97979.52
29.72,97979.52
29.72,97979.52
29.72,97979.52
29.72,97979.52
29.68,97968.22
29.68,97968.22
29.68,97968.22
29.68,97968.22
29.68,97968.22
29.63,97955.37
29.63,97955.37
29.63,97955.37
29.63,97955.37
29.63,97955.37
29.59,97945.00
29.59,97945.00
29.59,97945.00
29.59,97945.00
29.59,97945.00
29.54,97934.46
29.54,97934.46
29.54,97934.46
29.54,97934.46
29.54,97934.46
29.50,97924.10
29.50,97924.10
29.50,97924.10
29.50,97924.10
29.50,97924.10
29.46,97915.17
29.46,97915.17
29.46,97915.17
29.46,97915.17
29.46,97915.17
29.42,97906.21
29.42,97906.21
29.42,97906.21
29.42,97906.21
29.42,97906.21
29.38,97896.69
29.38,97896.69
29.38,97896.69
29.38,97896.69
29.38,97896.69
29.33,97884.52
29.33,97884.52
29.33,97884.52
29.33,97884.52
29.33,97884.52
29.30,97874.49
29.30,97874.49
29.30,97874.49
29.30,97874.49
29.30,97874.49
29.26,97864.97
29.26,97864.97
29.26,97864.97
29.26,97864.97
29.26,97864.97
29.22,97857.78
29.22,97857.78
29.22,97857.78
29.22,97857.78
29.22,97857.78
29.19,97852.39
29.19,97852.39
29.19,97852.39
29.19,97852.39
29.19,97852.39
29.15,97843.00
29.15,97843.00
29.15,97843.00
29.15,97843.00
29.15,97843.00
29.12,97830.20
29.12,97830.20
29.12,97830.20
29.12,97830.20
29.12,97830.20
29.09,97817.74
29.09,97817.74
29.09,97817.74
29.09,97817.74
29.09,97817.74
29.05,97803.63
29.05,97803.63
29.05,97803.63
29.05,97803.63
29.05,97803.63
29.02,97792.82
29.02,97792.82
29.02,97792.82
29.02,97792.82
29.02,97792.82
28.98,97781.32
28.98,97781.32
28.98,97781.32
28.98,97781.32
28.98,97781.32
28.94,97770.09
28.94,97770.09
28.94,97770.09
28.94,97770.09
28.94,97770.09
28.90,97757.25
28.90,97757.25
28.90,97757.25
28.90,97757.25
28.90,97757.25
28.87,97744.49
28.87,97744.49
28.87,97744.49
28.87,97744.49
28.87,97744.49
28.83,97733.27
28.83,97733.27
28.83,97733.27
28.83,97733.27
28.83,97733.27
28.79,97721.49
28.79,97721.49
28.79,97721.49
28.79,97721.49
28.79,97721.49
28.76,97711.94
28.76,97711.94
28.76,97711.94
28.76,97711.94
28.76,97711.94
28.72,97699.43
28.72,97699.43
28.72,97699.43
28.72,97699.43
28.72,97699.43
28.68,97686.01
28.68,97686.01
28.68,97686.01
28.68,97686.01
28.68,97686.01
28.64,97674.85
28.64,97674.85
28.64,97674.85
28.64,97674.85
28.64,97674.85
28.60,97663.16
28.60,97663.16
28.60,97663.16
28.60,97663.16
28.60,97663.16
28.57,97653.58
28.57,97653.58
28.57,97653.58
28.57,97653.58
28.57,97653.58
28.53,97644.24
28.53,97644.24
28.53,97644.24
28.53,97644.24
28.53,97644.24
28.49,97636.41
28.49,97636.41
28.49,97636.41
28.49,97636.41
28.49,97636.41
28.46,97627.30
28.46,97627.30
28.46,97627.30
28.46,97627.30
28.46,97627.30
28.43,97616.11
28.43,97616.11
28.43,97616.11
28.43,97616.11
28.43,97616.11
28.40,97604.58
28.40,97604.58
28.40,97604.58
28.40,97604.58
28.40,97604.58
28.36,97591.57
28.36,97591.57
28.36,97591.57
28.36,97591.57
28.36,97591.57
28.33,97578.88
28.33,97578.88
28.33,97578.88
28.33,97578.88
28.33,97578.88
28.30,97564.96
28.30,97564.96
28.30,97564.96
28.30,97564.96
28.30,97564.96
28.26,97550.67
28.26,97550.67
28.26,97550.67
28.26,97550.67
28.26,97550.67
28.23,97539.60
28.23,97539.60
28.23,97539.60
28.23,97539.60
28.23,97539.60
28.20,97532.27
28.20,97532.27
28.20,97532.27
28.20,97532.27
28.20,97532.27
28.17,97529.39
28.17,97529.39
28.17,97529.39
28.17,97529.39
28.17,97529.39